0000000000000000000000000000000000000000000
0000000000000000000000000000000000000000000
0000000000000000000000000000000000010000000
0000000000000000000000000000000000010100000
0100000000000000000000010100000000011000000
0101000000000000000000011000000000000000000
0110000001010000000000001000000000000111000
0000000001100000000000000000000000000100000
0001110000100000000000001100000000000010000
0001000000000000000000001010001000000000000
0000100000110000000000001000011000000000000
0000000000101000100000000000010100000000000
0000000000100001100001100000000000000000000
0000000000000001010001010000000000000000000
0000000000000000000001000000000000000000000
0000000000000000000000000000000000000000110
0000000000000000000000000000000000000000101
0000000000000000000000000000000000000000100
0000000000000000000000000000000000000000000
0000000000000000000000000000000000000000000
0000000000000000000000000000011100000000000
0000000000000000000000000000010000000000000
0000000000000000000000000000001000000000000
